  0.00357264   0.02515818 1
  0.00226208   0.01521772 2
  0.00220020   0.01476046 0
  0.00261403   0.01784158 2
  0.00302268   0.02093259 1
  0.00280584   0.01928682 1
  0.00248074   0.01684347 1
  0.00236329   0.01596835 1
  0.00229549   0.01546514 1
  0.00227857   0.01533978 1
  0.00171003   0.01118654 0
  0.00177579   0.01166063 0
  0.00183960   0.01212240 0
  0.00188998   0.01248805 1
  0.00171291   0.01120730 0
  0.00175908   0.01153997 0
  0.00189005   0.01248857 0
  0.00166679   0.01087578 0
  0.00154266   0.00998827 0
  0.00146161   0.00941252 0
  0.00165469   0.01078897 0
  0.00160838   0.01045730 0
  0.00173164   0.01134216 1
  0.00166874   0.01088981 1
  0.00166031   0.01082926 1
  0.00165179   0.01076819 1
  0.00153066   0.00990278 0
  0.00146752   0.00945443 0
  0.00166197   0.01084118 0
  0.00155212   0.01005564 0
  0.00149032   0.00961611 0
  0.00148016   0.00954400 0
  0.00146987   0.00947108 0
  0.00115627   0.00727370 0
  0.00144253   0.00927746 0
  0.00117037   0.00737134 0
  0.00112620   0.00706590 0
  0.00138270   0.00885509 0
  0.00112675   0.00706975 0
  0.00094931   0.00585521 2
  0.00116880   0.00736045 0
  0.00141634   0.00909232 1
  0.00112534   0.00706001 0
  0.00118346   0.00746211 0
  0.00144460   0.00929214 0
  0.00114212   0.00717584 0
  0.00118414   0.00746681 0
  0.00112592   0.00706401 0
  0.00125249   0.00794226 0
  0.00100868   0.00625924 0
  0.00122591   0.00775702 0
  0.00117160   0.00737984 0
  0.00114094   0.00716769 0
  0.00111045   0.00695732 0
  0.00143478   0.00922267 0
  0.00092743   0.00570691 0
  0.00100869   0.00625929 0
  0.00098931   0.00612714 0
  0.00096920   0.00599024 0
  0.00094826   0.00584806 0
  0.00098930   0.00612709 0
  0.00096919   0.00599019 0
  0.00094825   0.00584802 0
  0.00092640   0.00569996 0
  0.00090352   0.00554530 0
  0.00087947   0.00538315 0
  0.00100825   0.00625628 0
  0.00098888   0.00612422 0
  0.00096878   0.00598742 0
  0.00094786   0.00584534 0
  0.00114098   0.00716799 0
  0.00112565   0.00706215 0
  0.00110997   0.00695398 0
  0.00109389   0.00684325 0
  0.00107738   0.00672975 0
  0.00106041   0.00661324 0
  0.00115598   0.00727169 0
  0.00111076   0.00695941 0
  0.00098888   0.00612422 0
  0.00096878   0.00598741 0
  0.00094786   0.00584533 0
  0.00115568   0.00726968 0
  0.00114070   0.00716606 0
  0.00112538   0.00706029 0
  0.00110971   0.00695217 0
  0.00109364   0.00684151 0
  0.00107714   0.00672806 0
  0.00098888   0.00612422 0
  0.00096878   0.00598742 0
  0.00094786   0.00584533 0
  0.00092602   0.00569737 0
  0.00096941   0.00599173 0
  0.00094847   0.00584950 0
  0.00092662   0.00570139 0
  0.00090373   0.00554668 0
  0.00087967   0.00538447 0
  0.00102673   0.00638256 0
  0.00100804   0.00625485 0
  0.00098868   0.00612285 0
  0.00096858   0.00598608 0
  0.00094767   0.00584404 0
  0.00104482   0.00650634 0
  0.00112648   0.00706788 0
  0.00102673   0.00638255 0
  0.00100804   0.00625485 0
  0.00098868   0.00612284 0
  0.00096858   0.00598607 0
  0.00111103   0.00696131 0
  0.00109492   0.00685035 0
  0.00107838   0.00673663 0
  0.00106138   0.00661990 0
  0.00104388   0.00649989 0
  0.00104529   0.00650959 0
  0.00102719   0.00638570 0
  0.00100849   0.00625790 0
  0.00098911   0.00612580 0
  0.00096900   0.00598894 0
  0.00115418   0.00725925 0
  0.00113925   0.00715603 0
  0.00112398   0.00705062 0
  0.00110835   0.00694284 0
  0.00109232   0.00683248 0
  0.00098755   0.00611512 1
  0.00096748   0.00597860 1
  0.00094660   0.00583681 1
  0.00092480   0.00568914 1
  0.00090198   0.00553486 1
  0.00109333   0.00683941 1
  0.00113953   0.00715795 0
  0.00100665   0.00624539 0
  0.00098733   0.00611368 0
  0.00096728   0.00597721 0
  0.00112561   0.00706186 0
  0.00110993   0.00695369 0
  0.00109385   0.00684298 0
  0.00107734   0.00672949 0
  0.00106038   0.00661298 0
  0.00104290   0.00649319 0
  0.00102577   0.00637597 0
  0.00100711   0.00624848 0
  0.00098777   0.00611667 0
  0.00096770   0.00598010 0
  0.00116911   0.00736263 0
  0.00115448   0.00726134 0
  0.00113954   0.00715804 0
  0.00112426   0.00705256 0
  0.00110862   0.00694471 0
  0.00109259   0.00683429 0
  0.00098863   0.00612252 0
  0.00096854   0.00598577 0
  0.00094762   0.00584374 0
  0.00092579   0.00569583 0
  0.00090293   0.00554131 0
  0.00104482   0.00650633 0
  0.00102673   0.00638254 0
  0.00100804   0.00625484 0
  0.00098868   0.00612283 0
  0.00096858   0.00598607 0
  0.00106235   0.00662654 0
  0.00119895   0.00756962 0
  0.00109518   0.00685210 0
  0.00107863   0.00673832 0
  0.00106162   0.00662154 0
  0.00102719   0.00638568 0
  0.00100848   0.00625788 0
  0.00098911   0.00612578 0
  0.00096900   0.00598892 0
  0.00094807   0.00584679 0
  0.00116976   0.00736712 0
  0.00115510   0.00726564 0
  0.00114014   0.00716217 0
  0.00112484   0.00705654 0
  0.00110918   0.00694856 0
  0.00098866   0.00612273 0
  0.00096857   0.00598597 0
  0.00094765   0.00584394 0
  0.00092582   0.00569602 0
  0.00090296   0.00554149 0
  0.00111102   0.00696120 0
  0.00109491   0.00685024 0
  0.00107837   0.00673652 0
  0.00106137   0.00661980 0
  0.00104386   0.00649979 0
  0.00112674   0.00706964 0
  0.00112674   0.00706964 0
  0.00096941   0.00599172 0
  0.00094847   0.00584949 0
  0.00092661   0.00570138 0
  0.00076903   0.00464440 0
  0.00069860   0.00417874 0
  0.00079919   0.00484518 0
  0.00069800   0.00417480 0
  0.00073440   0.00441490 0
  0.00065639   0.00390187 0
  0.00061004   0.00359989 0
  0.00076805   0.00463790 0
  0.00073456   0.00441593 0
  0.00090276   0.00554016 0
  0.00076757   0.00463469 0
  0.00069860   0.00417869 0
  0.00073410   0.00441289 0
  0.00094704   0.00583979 0
  0.00073441   0.00441494 0
  0.00073441   0.00441494 0
  0.00073457   0.00441596 0
  0.00065654   0.00390280 0
  0.00079971   0.00484859 0
  0.00069758   0.00417204 0
  0.00079871   0.00484195 0
  0.00092603   0.00569740 0
  0.00069772   0.00417295 0
  0.00079921   0.00484528 0
  0.00073487   0.00441801 0
  0.00069875   0.00417972 0
  0.00069669   0.00416615 0
  0.00098670   0.00610934 0
  0.00060842   0.00358935 0
  0.00079752   0.00483402 1
  0.00092520   0.00569181 0
  0.00069712   0.00416899 0
  0.00079917   0.00484500 0
  0.00079818   0.00483839 0
  0.00073393   0.00441177 0
  0.00079784   0.00483617 0
  0.00092481   0.00568915 0
  0.00076755   0.00463460 0
  0.00065611   0.00390003 0
  0.00073484   0.00441777 0
  0.00076806   0.00463795 0
  0.00076806   0.00463795 0
  0.00079904   0.00484415 0
  0.00069787   0.00417392 0
  0.00092763   0.00570829 0
  0.00092542   0.00569330 0
  0.00082696   0.00503065 0
  0.00069729   0.00417011 0
  0.00073411   0.00441294 0
  0.00065653   0.00390274 0
  0.00094765   0.00584392 0
  0.00073548   0.00442203 0
  0.00096962   0.00599312 0
  0.00079953   0.00484744 0
  0.00073456   0.00441593 0
  0.00076805   0.00463789 0
  0.00073502   0.00441895 0
  0.00076853   0.00464108 0
  0.00096941   0.00599173 0
  0.00069773   0.00417297 0
  0.00082749   0.00503423 0
  0.00069831   0.00417679 0
  0.00076919   0.00464549 0
  0.00069725   0.00416987 0
  0.00076707   0.00463137 0
  0.00076707   0.00463137 0
  0.00076754   0.00463447 0
  0.00069769   0.00417275 0
  0.00073484   0.00441777 0
  0.00092642   0.00570008 0
  0.00073487   0.00441797 0
  0.00073533   0.00442105 0
  0.00073549   0.00442208 0
  0.00076837   0.00463999 0
  0.00076837   0.00464002 0
  0.00069801   0.00417483 0
  0.00079970   0.00484857 0
  0.00055411   0.00323852 0
  0.00048392   0.00279028 0
  0.00065722   0.00390727 0
  0.00060994   0.00359922 0
  0.00055402   0.00323792 0
  0.00048384   0.00278976 0
  0.00076870   0.00464219 0
  0.00073503   0.00441901 0
  0.00069802   0.00417489 0
  0.00065668   0.00390375 0
  0.00060944   0.00359600 0
  0.00055357   0.00323505 0
  0.00048346   0.00278731 0
  0.00065737   0.00390823 0
  0.00061008   0.00360009 0
  0.00055414   0.00323870 0
  0.00048395   0.00279043 0
  0.00076818   0.00463878 0
  0.00073454   0.00441578 0
  0.00069756   0.00417187 0
  0.00065625   0.00390095 0
  0.00060905   0.00359344 0
  0.00055321   0.00323276 0
  0.00048315   0.00278536 0
  0.00069784   0.00417373 0
  0.00065652   0.00390267 0
  0.00060929   0.00359502 0
  0.00055343   0.00323417 0
  0.00048334   0.00278656 0
  0.00073550   0.00442213 0
  0.00069846   0.00417782 0
  0.00065710   0.00390647 0
  0.00060983   0.00359848 0
  0.00055391   0.00323726 0
  0.00048376   0.00278920 0
  0.00076920   0.00464549 0
  0.00069875   0.00417972 0
  0.00065737   0.00390823 0
  0.00061008   0.00360009 0
  0.00055414   0.00323870 0
  0.00048395   0.00279043 0
  0.00069845   0.00417773 0
  0.00065708   0.00390638 0
  0.00060982   0.00359840 0
  0.00055390   0.00323719 0
  0.00048375   0.00278914 0
  0.00073534   0.00442110 0
  0.00069832   0.00417685 0
  0.00065696   0.00390557 0
  0.00060970   0.00359766 0
  0.00055380   0.00323653 0
  0.00048366   0.00278858 0
  0.00065723   0.00390732 0
  0.00060995   0.00359926 0
  0.00055402   0.00323796 0
  0.00048385   0.00278980 0
  0.00076821   0.00463895 0
  0.00073456   0.00441595 0
  0.00069758   0.00417202 0
  0.00065627   0.00390109 0
  0.00060907   0.00359357 0
  0.00055323   0.00323288 0
  0.00048316   0.00278545 0
  0.00065667   0.00390366 0
  0.00060943   0.00359592 0
  0.00055356   0.00323497 0
  0.00048345   0.00278725 0
  0.00073517   0.00441997 0
  0.00069816   0.00417580 0
  0.00065681   0.00390459 0
  0.00060956   0.00359676 0
  0.00055368   0.00323573 0
  0.00048355   0.00278789 0
  0.00076885   0.00464321 0
  0.00076885   0.00464321 0
  0.00073517   0.00441997 0
  0.00069816   0.00417580 0
  0.00065681   0.00390459 0
  0.00060956   0.00359676 0
  0.00055368   0.00323573 0
  0.00048355   0.00278789 0
  0.00069743   0.00417104 0
  0.00065614   0.00390018 0
  0.00060894   0.00359273 0
  0.00055312   0.00323213 0
  0.00048306   0.00278482 0
  0.00060918   0.00359428 0
  0.00055333   0.00323351 0
  0.00048325   0.00278600 0
  0.00073441   0.00441495 0
  0.00069744   0.00417109 0
  0.00065614   0.00390022 0
  0.00060895   0.00359278 0
  0.00055312   0.00323217 0
  0.00048307   0.00278485 0
  0.00069758   0.00417201 0
  0.00065627   0.00390107 0
  0.00060907   0.00359355 0
  0.00055323   0.00323286 0
  0.00048316   0.00278544 0
  0.00076853   0.00464110 0
  0.00073487   0.00441798 0
  0.00069787   0.00417393 0
  0.00065654   0.00390286 0
  0.00060932   0.00359518 0
  0.00055346   0.00323432 0
  0.00048336   0.00278669 0
  0.00069701   0.00416824 0
  0.00065574   0.00389758 0
  0.00060858   0.00359036 0
  0.00055279   0.00323001 0
  0.00048278   0.00278301 0
  0.00073395   0.00441191 0
  0.00069714   0.00416914 0
  0.00065587   0.00389841 0
  0.00060869   0.00359112 0
  0.00055289   0.00323069 0
  0.00048287   0.00278359 0
  0.00073396   0.00441193 0
  0.00069701   0.00416826 0
  0.00065574   0.00389759 0
  0.00060858   0.00359037 0
  0.00055279   0.00323002 0
  0.00048278   0.00278302 0
  0.00069758   0.00417201 0
  0.00065627   0.00390107 0
  0.00060907   0.00359355 0
  0.00055323   0.00323286 0
  0.00048316   0.00278544 0
  0.00073441   0.00441495 0
  0.00069744   0.00417109 0
  0.00065614   0.00390022 0
  0.00060895   0.00359278 0
  0.00055312   0.00323217 0
  0.00048307   0.00278485 0
  0.00069801   0.00417484 0
  0.00065667   0.00390370 0
  0.00060944   0.00359595 0
  0.00055356   0.00323501 0
  0.00048345   0.00278727 0
  0.00069715   0.00416916 0
  0.00065587   0.00389843 0
  0.00060870   0.00359113 0
  0.00055289   0.00323070 0
  0.00048287   0.00278360 0
  0.00069701   0.00416824 0
  0.00065574   0.00389757 0
  0.00060857   0.00359035 0
  0.00055278   0.00323001 0
  0.00048278   0.00278300 0
  0.00073395   0.00441191 0
  0.00076741   0.00463366 0
  0.00073381   0.00441095 0
  0.00069687   0.00416734 0
  0.00065561   0.00389674 0
  0.00060846   0.00358959 0
  0.00055268   0.00322933 0
  0.00048269   0.00278242 0
  0.00069744   0.00417108 0
  0.00065614   0.00390021 0
  0.00060895   0.00359276 0
  0.00055312   0.00323216 0
  0.00048307   0.00278484 0
  0.00069744   0.00417108 0
  0.00065614   0.00390021 0
  0.00060895   0.00359276 0
  0.00055312   0.00323216 0
  0.00048307   0.00278484 0
  0.00073487   0.00441796 0
  0.00069787   0.00417391 0
  0.00065654   0.00390284 0
  0.00060932   0.00359517 0
  0.00055345   0.00323430 0
  0.00048336   0.00278667 0
  0.00069758   0.00417204 0
  0.00065628   0.00390110 0
  0.00060907   0.00359358 0
  0.00055323   0.00323289 0
  0.00048317   0.00278546 0
  0.00060931   0.00359513 0
  0.00055345   0.00323427 0
  0.00048335   0.00278665 0
  0.00076854   0.00464111 0
  0.00073487   0.00441799 0
  0.00069787   0.00417394 0
  0.00065655   0.00390286 0
  0.00060932   0.00359519 0
  0.00055346   0.00323432 0
  0.00048336   0.00278669 0
  0.00079954   0.00484745 0
  0.00073517   0.00441998 0
  0.00069816   0.00417580 0
  0.00065681   0.00390460 0
  0.00060956   0.00359677 0
  0.00055368   0.00323574 0
  0.00048355   0.00278790 0
  0.00065628   0.00390110 0
  0.00060907   0.00359358 0
  0.00055323   0.00323289 0
  0.00048317   0.00278546 0
  0.00076775   0.00463588 0
  0.00073412   0.00441305 0
  0.00069717   0.00416931 0
  0.00065589   0.00389857 0
  0.00060871   0.00359126 0
  0.00055291   0.00323082 0
  0.00048289   0.00278370 0
  0.00065641   0.00390197 0
  0.00060919   0.00359437 0
  0.00055334   0.00323359 0
  0.00048326   0.00278607 0
  0.00079871   0.00484196 0
  0.00076775   0.00463589 0
  0.00073413   0.00441306 0
  0.00069717   0.00416931 0
  0.00065589   0.00389857 0
  0.00060872   0.00359127 0
  0.00055291   0.00323082 0
  0.00048289   0.00278370 0
  0.00065695   0.00390551 0
  0.00060969   0.00359760 0
  0.00055379   0.00323648 0
  0.00048365   0.00278854 0
  0.00065627   0.00390108 0
  0.00060907   0.00359356 0
  0.00055323   0.00323287 0
  0.00048316   0.00278545 0
  0.00069758   0.00417201 0
  0.00076790   0.00463688 0
  0.00073427   0.00441399 0
  0.00069730   0.00417019 0
  0.00065601   0.00389939 0
  0.00060883   0.00359201 0
  0.00055302   0.00323149 0
  0.00048298   0.00278427 0
  0.00065641   0.00390195 0
  0.00060919   0.00359435 0
  0.00055334   0.00323357 0
  0.00048326   0.00278605 0
  0.00076822   0.00463904 0
  0.00073458   0.00441604 0
  0.00069760   0.00417211 0
  0.00065629   0.00390117 0
  0.00060908   0.00359364 0
  0.00055324   0.00323294 0
  0.00048317   0.00278551 0
  0.00069788   0.00417396 0
  0.00065655   0.00390288 0
  0.00060932   0.00359520 0
  0.00055346   0.00323434 0
  0.00048336   0.00278670 0
  0.00073550   0.00442212 0
  0.00069846   0.00417782 0
  0.00065710   0.00390646 0
  0.00060983   0.00359848 0
  0.00055391   0.00323726 0
  0.00048376   0.00278920 0
  0.00065544   0.00389564 0
  0.00060830   0.00358858 0
  0.00055254   0.00322842 0
  0.00048256   0.00278165 0
  0.00076660   0.00462829 0
  0.00073304   0.00440587 0
  0.00069615   0.00416258 0
  0.00065493   0.00389232 0
  0.00060783   0.00358554 0
  0.00055212   0.00322571 0
  0.00048220   0.00277932 0
  0.00079751   0.00483396 0
  0.00076676   0.00462929 0
  0.00073318   0.00440682 0
  0.00069628   0.00416347 0
  0.00065506   0.00389314 0
  0.00060795   0.00358630 0
  0.00055222   0.00322639 0
  0.00048229   0.00277990 0
  0.00055265   0.00322911 0
  0.00048266   0.00278223 0
  0.00076661   0.00462835 1
  0.00073305   0.00440593 1
  0.00069615   0.00416263 1
  0.00065494   0.00389237 1
  0.00060784   0.00358559 1
  0.00055212   0.00322575 1
  0.00048220   0.00277936 1
  0.00065597   0.00389909 0
  0.00060879   0.00359174 0
  0.00055298   0.00323124 0
  0.00048294   0.00278406 0
  0.00073348   0.00440879 0
  0.00069656   0.00416532 0
  0.00065532   0.00389486 0
  0.00060819   0.00358787 0
  0.00055244   0.00322779 0
  0.00048248   0.00278111 0
  0.00073348   0.00440879 0
  0.00069656   0.00416532 0
  0.00065532   0.00389486 0
  0.00060819   0.00358787 0
  0.00055244   0.00322779 0
  0.00048248   0.00278111 0
  0.00073392   0.00441172 0
  0.00069698   0.00416806 0
  0.00065571   0.00389741 0
  0.00060855   0.00359020 0
  0.00055276   0.00322987 0
  0.00048276   0.00278289 0
  0.00065571   0.00389742 0
  0.00060855   0.00359021 0
  0.00055276   0.00322988 0
  0.00048276   0.00278289 0
  0.00069698   0.00416807 0
  0.00076723   0.00463246 0
  0.00073364   0.00440982 0
  0.00069671   0.00416628 0
  0.00065546   0.00389576 0
  0.00060832   0.00358869 0
  0.00055255   0.00322852 0
  0.00048258   0.00278173 0
  0.00065584   0.00389827 0
  0.00060867   0.00359099 0
  0.00055287   0.00323057 0
  0.00048285   0.00278349 0
  0.00076724   0.00463250 0
  0.00073364   0.00440986 0
  0.00069671   0.00416632 0
  0.00065546   0.00389579 0
  0.00060832   0.00358872 0
  0.00055256   0.00322855 0
  0.00048258   0.00278176 0
  0.00069699   0.00416811 0
  0.00065572   0.00389746 0
  0.00060856   0.00359025 0
  0.00055277   0.00322991 0
  0.00048276   0.00278292 0
  0.00065638   0.00390176 0
  0.00060916   0.00359418 0
  0.00055332   0.00323342 0
  0.00048324   0.00278592 0
  0.00076692   0.00463039 0
  0.00073334   0.00440786 0
  0.00069643   0.00416444 0
  0.00065520   0.00389405 0
  0.00060808   0.00358713 0
  0.00055234   0.00322713 0
  0.00048239   0.00278054 0
  0.00065545   0.00389569 0
  0.00060831   0.00358863 0
  0.00055255   0.00322847 0
  0.00048257   0.00278168 0
  0.00069670   0.00416620 0
  0.00076692   0.00463037 0
  0.00073334   0.00440785 0
  0.00069643   0.00416443 0
  0.00065520   0.00389404 0
  0.00060808   0.00358712 0
  0.00055234   0.00322712 0
  0.00048239   0.00278053 0
  0.00073394   0.00441184 0
  0.00069700   0.00416817 0
  0.00065573   0.00389751 0
  0.00060857   0.00359030 0
  0.00055278   0.00322996 0
  0.00048277   0.00278296 0
  0.00060892   0.00359259 0
  0.00055310   0.00323201 0
  0.00048305   0.00278471 0
  0.00069784   0.00417374 0
  0.00065652   0.00390268 0
  0.00060929   0.00359502 0
  0.00055343   0.00323417 0
  0.00048334   0.00278656 0
  0.00073442   0.00441500 0
  0.00069745   0.00417114 0
  0.00065615   0.00390027 0
  0.00060895   0.00359281 0
  0.00055313   0.00323220 0
  0.00048307   0.00278488 0
  0.00073442   0.00441500 0
  0.00069745   0.00417114 0
  0.00065615   0.00390027 0
  0.00060895   0.00359281 0
  0.00055313   0.00323220 0
  0.00048307   0.00278488 0
  0.00065654   0.00390283 0
  0.00060932   0.00359516 0
  0.00055345   0.00323430 0
  0.00048336   0.00278667 0
  0.00069787   0.00417390 0
  0.00076822   0.00463899 0
  0.00073457   0.00441599 0
  0.00069759   0.00417206 0
  0.00065628   0.00390112 0
  0.00060908   0.00359360 0
  0.00055324   0.00323290 0
  0.00048317   0.00278548 0
  0.00069787   0.00417392 0
  0.00065654   0.00390285 0
  0.00060932   0.00359518 0
  0.00055345   0.00323431 0
  0.00048336   0.00278668 0
  0.00069831   0.00417681 0
  0.00065695   0.00390553 0
  0.00060969   0.00359762 0
  0.00055379   0.00323650 0
  0.00048365   0.00278855 0
  0.00076806   0.00463797 0
  0.00073442   0.00441503 0
  0.00069745   0.00417116 0
  0.00065615   0.00390029 0
  0.00060896   0.00359283 0
  0.00055313   0.00323222 0
  0.00048308   0.00278490 0
  0.00065654   0.00390285 0
  0.00060932   0.00359517 0
  0.00055345   0.00323431 0
  0.00048336   0.00278668 0
  0.00069846   0.00417778 0
  0.00065709   0.00390643 0
  0.00060982   0.00359844 0
  0.00055391   0.00323723 0
  0.00048375   0.00278918 0
  0.00073381   0.00441093 0
  0.00069687   0.00416733 0
  0.00065561   0.00389673 0
  0.00060846   0.00358958 0
  0.00055268   0.00322932 0
  0.00048268   0.00278241 0
  0.00076741   0.00463364 0
  0.00069714   0.00416912 0
  0.00065586   0.00389840 0
  0.00060869   0.00359110 0
  0.00055289   0.00323068 0
  0.00048287   0.00278358 0
  0.00079820   0.00483854 0
  0.00076726   0.00463264 0
  0.00073366   0.00440999 0
  0.00069673   0.00416644 0
  0.00065548   0.00389590 0
  0.00060834   0.00358882 0
  0.00055257   0.00322864 0
  0.00048259   0.00278183 0
  0.00065600   0.00389931 0
  0.00060882   0.00359194 0
  0.00055301   0.00323143 0
  0.00048297   0.00278422 0
  0.00069715   0.00416921 0
  0.00065587   0.00389848 0
  0.00060870   0.00359118 0
  0.00055290   0.00323074 0
  0.00048288   0.00278363 0
  0.00073471   0.00441693 0
  0.00069772   0.00417295 0
  0.00065641   0.00390195 0
  0.00060919   0.00359435 0
  0.00055334   0.00323357 0
  0.00048326   0.00278605 0
  0.00060930   0.00359508 0
  0.00055344   0.00323422 0
  0.00048335   0.00278661 0
  0.00073426   0.00441393 0
  0.00069729   0.00417013 0
  0.00065601   0.00389933 0
  0.00060882   0.00359196 0
  0.00055301   0.00323144 0
  0.00048297   0.00278423 0
  0.00076789   0.00463681 0
  0.00073440   0.00441490 0
  0.00069743   0.00417104 0
  0.00065614   0.00390018 0
  0.00060894   0.00359273 0
  0.00055312   0.00323213 0
  0.00048306   0.00278482 0
  0.00073472   0.00441696 0
  0.00069773   0.00417298 0
  0.00065641   0.00390197 0
  0.00060919   0.00359437 0
  0.00055334   0.00323360 0
  0.00048326   0.00278607 0
  0.00065667   0.00390369 0
  0.00060944   0.00359594 0
  0.00055356   0.00323500 0
  0.00048345   0.00278727 0
  0.00076870   0.00464217 0
  0.00073502   0.00441899 0
  0.00069802   0.00417488 0
  0.00065668   0.00390374 0
  0.00060944   0.00359599 0
  0.00055357   0.00323504 0
  0.00048346   0.00278730 0
  0.00038398   0.00216338 0
  0.00038398   0.00216338 0
  0.00038392   0.00216299 0
  0.00038392   0.00216299 0
  0.00038361   0.00216110 0
  0.00038361   0.00216110 0
  0.00038400   0.00216350 0
  0.00038400   0.00216350 0
  0.00038337   0.00215960 0
  0.00038337   0.00215960 0
  0.00038388   0.00216277 0
  0.00038352   0.00216053 0
  0.00038352   0.00216053 0
  0.00038385   0.00216256 0
  0.00038385   0.00216256 0
  0.00038384   0.00216251 0
  0.00038384   0.00216251 0
  0.00038421   0.00216482 0
  0.00038377   0.00216208 0
  0.00038377   0.00216208 0
  0.00038392   0.00216302 0
  0.00038392   0.00216302 0
  0.00038338   0.00215968 0
  0.00038338   0.00215968 0
  0.00038361   0.00216105 0
  0.00038361   0.00216105 0
  0.00038369   0.00216155 0
  0.00038369   0.00216155 0
  0.00038421   0.00216481 0
  0.00038330   0.00215919 0
  0.00038330   0.00215919 0
  0.00038345   0.00216009 0
  0.00038345   0.00216009 0
  0.00038421   0.00216480 0
  0.00038331   0.00215921 0
  0.00038331   0.00215921 0
  0.00038338   0.00215967 0
  0.00038338   0.00215967 0
  0.00038354   0.00216062 0
  0.00038354   0.00216062 0
  0.00038406   0.00216384 0
  0.00038308   0.00215779 0
  0.00038308   0.00215779 0
  0.00038308   0.00215780 0
  0.00038308   0.00215780 0
  0.00038406   0.00216384 0
  0.00038338   0.00215967 0
  0.00038338   0.00215967 0
  0.00038331   0.00215921 0
  0.00038331   0.00215921 0
  0.00038361   0.00216108 0
  0.00038361   0.00216108 0
  0.00038398   0.00216335 0
  0.00038315   0.00215825 0
  0.00038315   0.00215825 0
  0.00038308   0.00215779 0
  0.00038308   0.00215779 0
  0.00038406   0.00216384 0
  0.00038331   0.00215920 0
  0.00038331   0.00215920 0
  0.00038331   0.00215920 0
  0.00038331   0.00215920 0
  0.00038353   0.00216061 0
  0.00038353   0.00216061 0
  0.00038398   0.00216335 0
  0.00038338   0.00215968 0
  0.00038338   0.00215968 0
  0.00038353   0.00216059 0
  0.00038353   0.00216059 0
  0.00038354   0.00216063 0
  0.00038354   0.00216063 0
  0.00038414   0.00216433 0
  0.00038338   0.00215968 0
  0.00038338   0.00215968 0
  0.00038317   0.00215832 0
  0.00038317   0.00215832 0
  0.00038414   0.00216436 0
  0.00038346   0.00216015 0
  0.00038346   0.00216015 0
  0.00038317   0.00215833 0
  0.00038317   0.00215833 0
  0.00038377   0.00216204 0
  0.00038377   0.00216204 0
  0.00038406   0.00216387 0
  0.00038338   0.00215967 0
  0.00038338   0.00215967 0
  0.00038346   0.00216014 0
  0.00038346   0.00216014 0
  0.00038422   0.00216485 0
  0.00038339   0.00215972 0
  0.00038339   0.00215972 0
  0.00038354   0.00216064 0
  0.00038354   0.00216064 0
  0.00038385   0.00216256 0
  0.00038385   0.00216256 0
  0.00038430   0.00216536 0
  0.00038291   0.00215675 0
  0.00038291   0.00215675 0
  0.00038262   0.00215496 0
  0.00038262   0.00215496 0
  0.00038365   0.00216131 0
  0.00038298   0.00215720 0
  0.00038298   0.00215720 0
  0.00038263   0.00215499 0
  0.00038263   0.00215499 1
  0.00038321   0.00215860 0
  0.00038321   0.00215860 0
  0.00038349   0.00216036 0
  0.00038284   0.00215633 0
  0.00038284   0.00215633 0
  0.00038284   0.00215633 0
  0.00038284   0.00215633 0
  0.00038307   0.00215770 0
  0.00038307   0.00215770 0
  0.00038349   0.00216036 0
  0.00038307   0.00215771 0
  0.00038307   0.00215771 0
  0.00038314   0.00215816 0
  0.00038314   0.00215816 0
  0.00038396   0.00216327 0
  0.00038292   0.00215683 0
  0.00038292   0.00215683 0
  0.00038307   0.00215773 0
  0.00038307   0.00215773 0
  0.00038344   0.00216003 0
  0.00038344   0.00216003 0
  0.00038373   0.00216182 0
  0.00038277   0.00215589 0
  0.00038277   0.00215589 0
  0.00038292   0.00215678 0
  0.00038292   0.00215678 0
  0.00038381   0.00216230 0
  0.00038307   0.00215776 0
  0.00038307   0.00215776 0
  0.00038329   0.00215911 0
  0.00038329   0.00215911 0
  0.00038352   0.00216053 0
  0.00038352   0.00216053 0
  0.00038389   0.00216279 0
  0.00038331   0.00215924 0
  0.00038331   0.00215924 0
  0.00038331   0.00215924 0
  0.00038331   0.00215924 0
  0.00038353   0.00216061 0
  0.00038353   0.00216061 0
  0.00038354   0.00216062 0
  0.00038354   0.00216062 0
  0.00038377   0.00216205 0
  0.00038377   0.00216205 0
  0.00038414   0.00216435 0
  0.00038331   0.00215925 0
  0.00038331   0.00215925 0
  0.00038354   0.00216062 0
  0.00038354   0.00216062 0
  0.00038385   0.00216254 0
  0.00038385   0.00216254 0
  0.00038422   0.00216485 0
  0.00038301   0.00215734 0
  0.00038301   0.00215734 0
  0.00038293   0.00215689 0
  0.00038293   0.00215689 0
  0.00038398   0.00216334 0
  0.00038323   0.00215872 0
  0.00038323   0.00215872 0
  0.00038316   0.00215827 0
  0.00038316   0.00215827 0
  0.00038346   0.00216014 0
  0.00038346   0.00216014 0
  0.00038390   0.00216286 0
  0.00038353   0.00216056 0
  0.00038353   0.00216056 0
  0.00038323   0.00215873 0
  0.00038323   0.00215873 0
  0.00038421   0.00216482 0
  0.00038346   0.00216015 0
  0.00038346   0.00216015 0
  0.00038361   0.00216107 0
  0.00038361   0.00216107 0
  0.00038361   0.00216110 0
  0.00038361   0.00216110 0
  0.00038413   0.00216433 0
  0.00038414   0.00216435 0
  0.00038389   0.00216279 0
  0.00038430   0.00216537 0
  0.00038400   0.00216350 0
  0.00038400   0.00216350 0
  0.00038422   0.00216487 0
  0.00038390   0.00216287 0
  0.00038413   0.00216433 0
  0.00038369   0.00216155 0
  0.00038369   0.00216155 0
  0.00038367   0.00216143 0
  0.00038375   0.00216192 0
  0.00038344   0.00216000 0
  0.00038315   0.00215824 0
  0.00038315   0.00215824 0
  0.00038375   0.00216192 0
  0.00038398   0.00216336 0
  0.00038344   0.00216000 0
  0.00038301   0.00215734 0
  0.00038301   0.00215734 0
  0.00038367   0.00216145 0
  0.00038375   0.00216194 0
  0.00038406   0.00216385 0
  0.00038369   0.00216156 0
  0.00038369   0.00216156 0
  0.00038367   0.00216147 0
  0.00038375   0.00216194 0
  0.00038367   0.00216146 0
  0.00038324   0.00215876 0
  0.00038324   0.00215876 0
  0.00038391   0.00216291 0
  0.00038430   0.00216537 0
  0.00038312   0.00215803 0
  0.00038269   0.00215541 0
  0.00038269   0.00215541 0
  0.00038312   0.00215805 0
  0.00038327   0.00215897 0
  0.00038350   0.00216037 0
  0.00038292   0.00215681 0
  0.00038292   0.00215681 0
  0.00038342   0.00215993 0
  0.00038343   0.00215994 0
  0.00038327   0.00215897 0
  0.00038277   0.00215589 0
  0.00038277   0.00215589 0
  0.00038350   0.00216043 0
  0.00038389   0.00216280 0
  0.00038375   0.00216194 0
  0.00038339   0.00215970 0
  0.00038339   0.00215970 0
  0.00038390   0.00216290 0
  0.00038383   0.00216242 0
  0.00038422   0.00216487 0
  0.00038315   0.00215823 0
  0.00038315   0.00215823 0
  0.00038351   0.00216046 0
  0.00038352   0.00216049 0
  0.00038374   0.00216191 0
  0.00038330   0.00215919 0
  0.00038330   0.00215919 0
  0.00038390   0.00216288 0
  0.00038414   0.00216434 0
  0.00038438   0.00216585 2
  0.00038413   0.00216432 0
  0.00038413   0.00216430 0
  0.00038405   0.00216381 0
  0.00038398   0.00216335 0
  0.00038398   0.00216335 0
  0.00038390   0.00216286 0
  0.00038390   0.00216287 0
  0.00038398   0.00216335 0
  0.00038390   0.00216286 0
  0.00038390   0.00216287 0
  0.00038406   0.00216385 0
  0.00038398   0.00216336 0
  0.00038406   0.00216387 0
  0.00038398   0.00216338 0
  0.00038390   0.00216289 0
  0.00038414   0.00216436 0
  0.00038422   0.00216486 0
  0.00038414   0.00216436 0
  0.00038357   0.00216083 0
  0.00038342   0.00215989 0
  0.00038334   0.00215943 0
  0.00038342   0.00215989 0
  0.00038388   0.00216278 0
  0.00038381   0.00216229 0
  0.00038365   0.00216134 0
  0.00038373   0.00216181 0
  0.00038365   0.00216133 0
  0.00038381   0.00216231 0
  0.00038422   0.00216485 0
  0.00038414   0.00216436 0
  0.00038406   0.00216386 0
  0.00038414   0.00216436 0
  0.00038406   0.00216387 0
  0.00038390   0.00216285 0
  0.00038382   0.00216238 0
  0.00038374   0.00216190 0
  0.00038413   0.00216433 0
  0.00038406   0.00216384 0
  0.00038413   0.00216430 0
  0.00038422   0.00216485 0
  0.00038406   0.00216387 0
  0.00038398   0.00216339 0
  0.00038430   0.00216537 0
  0.00038381   0.00216232 0
  0.00038389   0.00216280 0
  0.00038381   0.00216233 0
  0.00038422   0.00216489 0
  0.00038430   0.00216538 0
  0.00038422   0.00216484 0
  0.00038414   0.00216436 0
  0.00038414   0.00216439 0
  0.00038422   0.00216488 0
  0.00038382   0.00216240 0
  0.00038375   0.00216193 0
  0.00038390   0.00216287 0
  0.00038406   0.00216385 0
  0.00038413   0.00216433 0
  0.00038406   0.00216385 0
  0.00038367   0.00216143 0
  0.00038359   0.00216098 0
  0.00038375   0.00216192 0
  0.00038367   0.00216145 0
  0.00038367   0.00216146 0
  0.00038406   0.00216385 0
  0.00038398   0.00216337 0
  0.00038336   0.00215955 0
  0.00038344   0.00216001 0
  0.00038351   0.00216047 0
  0.00038344   0.00216001 0
  0.00038367   0.00216146 0
  0.00038375   0.00216192 0
  0.00038390   0.00216289 0
  0.00038383   0.00216243 0
  0.00038351   0.00216047 0
  0.00038336   0.00215955 0
  0.00038344   0.00216000 0
  0.00038336   0.00215954 0
  0.00038367   0.00216145 0
  0.00038360   0.00216099 0
  0.00038398   0.00216336 0
  0.00038390   0.00216289 0
  0.00038367   0.00216147 0
  0.00038375   0.00216194 0
  0.00038398   0.00216338 0
  0.00038390   0.00216290 0
  0.00038406   0.00216386 0
  0.00038367   0.00216147 0
  0.00038360   0.00216100 0
  0.00038352   0.00216055 0
  0.00038375   0.00216195 0
  0.00038367   0.00216147 0
  0.00038360   0.00216101 0
  0.00038406   0.00216388 0
  0.00038360   0.00216100 0
  0.00038367   0.00216146 0
  0.00038360   0.00216099 0
  0.00038375   0.00216194 0
  0.00038383   0.00216244 0
  0.00038391   0.00216291 0
  0.00038383   0.00216245 0
  0.00038422   0.00216489 0
  0.00038319   0.00215849 0
  0.00038304   0.00215758 0
  0.00038297   0.00215713 0
  0.00038312   0.00215803 0
  0.00038312   0.00215806 0
  0.00038305   0.00215760 0
  0.00038298   0.00215716 0
  0.00038350   0.00216037 0
  0.00038320   0.00215852 0
  0.00038327   0.00215897 0
  0.00038320   0.00215852 0
  0.00038342   0.00215991 0
  0.00038335   0.00215946 0
  0.00038335   0.00215946 0
  0.00038328   0.00215901 0
  0.00038335   0.00215948 0
  0.00038343   0.00215993 0
  0.00038335   0.00215948 0
  0.00038335   0.00215949 0
  0.00038373   0.00216183 0
  0.00038320   0.00215852 0
  0.00038313   0.00215807 0
  0.00038320   0.00215852 0
  0.00038320   0.00215852 0
  0.00038343   0.00215997 0
  0.00038336   0.00215952 0
  0.00038351   0.00216043 0
  0.00038381   0.00216233 0
  0.00038375   0.00216194 0
  0.00038367   0.00216148 0
  0.00038367   0.00216148 0
  0.00038383   0.00216242 0
  0.00038383   0.00216242 0
  0.00038375   0.00216195 0
  0.00038383   0.00216243 0
  0.00038414   0.00216437 0
  0.00038375   0.00216195 0
  0.00038368   0.00216149 0
  0.00038383   0.00216243 0
  0.00038414   0.00216439 0
  0.00038343   0.00215999 0
  0.00038336   0.00215954 0
  0.00038344   0.00216000 0
  0.00038344   0.00216000 0
  0.00038336   0.00215954 0
  0.00038352   0.00216050 0
  0.00038344   0.00216004 0
  0.00038390   0.00216287 0
  0.00038382   0.00216240 0
  0.00038367   0.00216145 0
  0.00038367   0.00216143 0
  0.00038367   0.00216143 0
  0.00038359   0.00216097 0
  0.00038383   0.00216241 0
  0.00038390   0.00216289 0
  0.00038406   0.00216386 0
  0.00038398   0.00216339 0
  0.00038380   0.00216228 0
  0.00038413   0.00216433 0
  0.00038405   0.00216383 0
  0.00038397   0.00216333 0
  0.00038390   0.00216287 0
  0.00038382   0.00216237 0
  0.00038382   0.00216237 0
  0.00038382   0.00216239 0
  0.00038390   0.00216288 0
  0.00038398   0.00216338 0
  0.00038406   0.00216386 0
  0.00038406   0.00216387 0
  0.00038349   0.00216035 0
  0.00038327   0.00215896 0
  0.00038373   0.00216181 0
  0.00038358   0.00216086 0
  0.00038357   0.00216085 0
  0.00038373   0.00216183 0
  0.00038406   0.00216387 0
  0.00038398   0.00216338 0
  0.00038382   0.00216236 0
  0.00038367   0.00216142 0
  0.00038405   0.00216383 0
  0.00038414   0.00216437 0
  0.00038391   0.00216292 0
  0.00038423   0.00216490 0
  0.00038373   0.00216185 0
  0.00038374   0.00216187 0
  0.00038415   0.00216441 0
  0.00038423   0.00216490 0
  0.00038407   0.00216392 0
  0.00038415   0.00216440 0
  0.00038367   0.00216147 0
  0.00038382   0.00216241 0
  0.00038398   0.00216338 0
  0.00038398   0.00216338 0
  0.00038359   0.00216097 0
  0.00038360   0.00216099 0
  0.00038360   0.00216100 0
  0.00038390   0.00216290 0
  0.00038329   0.00215910 0
  0.00038336   0.00215956 0
  0.00038336   0.00215956 0
  0.00038360   0.00216100 0
  0.00038367   0.00216145 0
  0.00038344   0.00216001 0
  0.00038329   0.00215910 0
  0.00038329   0.00215909 0
  0.00038360   0.00216099 0
  0.00038352   0.00216053 0
  0.00038383   0.00216242 0
  0.00038360   0.00216102 0
  0.00038383   0.00216244 0
  0.00038398   0.00216338 0
  0.00038360   0.00216102 0
  0.00038345   0.00216009 0
  0.00038368   0.00216149 0
  0.00038352   0.00216055 0
  0.00038399   0.00216341 0
  0.00038352   0.00216054 0
  0.00038367   0.00216148 0
  0.00038375   0.00216197 0
  0.00038376   0.00216198 0
  0.00038415   0.00216441 0
  0.00038312   0.00215805 0
  0.00038290   0.00215669 0
  0.00038305   0.00215758 0
  0.00038291   0.00215671 0
  0.00038342   0.00215992 0
  0.00038312   0.00215807 0
  0.00038312   0.00215807 0
  0.00038335   0.00215946 0
  0.00038328   0.00215901 0
  0.00038320   0.00215856 0
  0.00038328   0.00215902 0
  0.00038328   0.00215904 0
  0.00038366   0.00216137 0
  0.00038305   0.00215763 0
  0.00038313   0.00215808 0
  0.00038312   0.00215807 0
  0.00038329   0.00215907 0
  0.00038374   0.00216187 0
  0.00038360   0.00216102 0
  0.00038360   0.00216102 0
  0.00038375   0.00216196 0
  0.00038368   0.00216149 0
  0.00038375   0.00216197 0
  0.00038406   0.00216389 0
  0.00038360   0.00216103 0
  0.00038407   0.00216391 0
  0.00038329   0.00215909 0
  0.00038336   0.00215955 0
  0.00038329   0.00215909 0
  0.00038344   0.00216004 0
  0.00038337   0.00215959 0
  0.00038375   0.00216193 0
  0.00038359   0.00216096 0
  0.00038352   0.00216051 0
  0.00038375   0.00216195 0
  0.00038383   0.00216242 0
  0.00038391   0.00216292 0
  0.00038389   0.00216284 0
  0.00038374   0.00216189 0
  0.00038374   0.00216189 0
  0.00038390   0.00216290 0
  0.00038398   0.00216337 0
  0.00038342   0.00215988 0
  0.00038365   0.00216133 0
  0.00038350   0.00216037 0
  0.00038398   0.00216338 0
  0.00038374   0.00216188 0
  0.00038398   0.00216334 0
  0.00038406   0.00216384 0
  0.00038407   0.00216391 0
  0.00038383   0.00216246 0
  0.00038376   0.00216200 0
  0.00038415   0.00216442 0
  0.00038366   0.00216139 0
  0.00038359   0.00216093 0
  0.00038366   0.00216142 0
  0.00038407   0.00216394 0
  0.00038400   0.00216347 0
  0.00038415   0.00216443 0
  0.00038406   0.00216389 0
  0.00038399   0.00216342 0
  0.00038399   0.00216345 0
  0.00038407   0.00216393 0
  0.00038360   0.00216101 0
  0.00038353   0.00216056 0
  0.00038375   0.00216195 0
  0.00038391   0.00216291 0
  0.00038383   0.00216245 0
  0.00038391   0.00216291 0
  0.00038352   0.00216051 0
  0.00038345   0.00216007 0
  0.00038352   0.00216053 0
  0.00038352   0.00216054 0
  0.00038345   0.00216009 0
  0.00038352   0.00216055 0
  0.00038383   0.00216243 0
  0.00038375   0.00216197 0
  0.00038322   0.00215866 0
  0.00038329   0.00215911 0
  0.00038329   0.00215911 0
  0.00038322   0.00215867 0
  0.00038352   0.00216055 0
  0.00038360   0.00216099 0
  0.00038352   0.00216054 0
  0.00038375   0.00216197 0
  0.00038337   0.00215956 0
  0.00038329   0.00215912 0
  0.00038322   0.00215866 0
  0.00038322   0.00215865 0
  0.00038315   0.00215821 0
  0.00038352   0.00216053 0
  0.00038345   0.00216008 0
  0.00038375   0.00216196 0
  0.00038368   0.00216151 0
  0.00038353   0.00216057 0
  0.00038368   0.00216148 0
  0.00038360   0.00216104 0
  0.00038375   0.00216198 0
  0.00038391   0.00216292 0
  0.00038383   0.00216246 0
  0.00038353   0.00216057 0
  0.00038338   0.00215964 0
  0.00038331   0.00215919 0
  0.00038360   0.00216103 0
  0.00038345   0.00216009 0
  0.00038338   0.00215964 0
  0.00038391   0.00216295 0
  0.00038353   0.00216055 0
  0.00038345   0.00216008 0
  0.00038338   0.00215964 0
  0.00038360   0.00216102 0
  0.00038368   0.00216151 0
  0.00038361   0.00216105 0
  0.00038368   0.00216153 0
  0.00038407   0.00216393 0
  0.00038400   0.00216347 0
  0.00038305   0.00215761 0
  0.00038283   0.00215625 0
  0.00038276   0.00215582 0
  0.00038297   0.00215714 0
  0.00038305   0.00215763 0
  0.00038283   0.00215628 0
  0.00038276   0.00215584 0
  0.00038335   0.00215948 0
  0.00038305   0.00215763 0
  0.00038298   0.00215719 0
  0.00038305   0.00215763 0
  0.00038328   0.00215901 0
  0.00038321   0.00215857 0
  0.00038321   0.00215857 0
  0.00038313   0.00215811 0
  0.00038306   0.00215767 0
  0.00038328   0.00215903 0
  0.00038321   0.00215858 0
  0.00038313   0.00215813 0
  0.00038321   0.00215859 0
  0.00038358   0.00216092 0
  0.00038298   0.00215719 0
  0.00038291   0.00215675 0
  0.00038305   0.00215764 0
  0.00038305   0.00215762 0
  0.00038298   0.00215718 0
  0.00038321   0.00215863 0
  0.00038343   0.00215998 0
  0.00038336   0.00215954 0
  0.00038366   0.00216142 0
  0.00038353   0.00216056 0
  0.00038345   0.00216011 0
  0.00038353   0.00216056 0
  0.00038368   0.00216150 0
  0.00038360   0.00216103 0
  0.00038353   0.00216058 0
  0.00038368   0.00216151 0
  0.00038399   0.00216342 0
  0.00038391   0.00216296 0
  0.00038353   0.00216057 0
  0.00038375   0.00216197 0
  0.00038368   0.00216151 0
  0.00038399   0.00216345 0
  0.00038322   0.00215864 0
  0.00038315   0.00215820 0
  0.00038329   0.00215910 0
  0.00038322   0.00215864 0
  0.00038314   0.00215819 0
  0.00038337   0.00215960 0
  0.00038330   0.00215914 0
  0.00038367   0.00216148 0
  0.00038360   0.00216102 0
  0.00038360   0.00216100 0
  0.00038352   0.00216051 0
  0.00038344   0.00216006 0
  0.00038345   0.00216007 0
  0.00038368   0.00216149 0
  0.00038360   0.00216104 0
  0.00038375   0.00216197 0
  0.00038383   0.00216245 0
  0.00038376   0.00216199 0
  0.00038382   0.00216237 0
  0.00038366   0.00216141 0
  0.00038366   0.00216141 0
  0.00038383   0.00216241 0
  0.00038390   0.00216288 0
  0.00038334   0.00215941 0
  0.00038357   0.00216085 0
  0.00038342   0.00215990 0
  0.00038390   0.00216289 0
  0.00038366   0.00216140 0
  0.00038390   0.00216285 0
  0.00038399   0.00216344 0
  0.00038369   0.00216155 0
  0.00038407   0.00216396 0
  0.00038351   0.00216048 0
  0.00038359   0.00216097 0
  0.00038392   0.00216301 0
  0.00038407   0.00216396 0
  0.00038391   0.00216296 0
  0.00038392   0.00216298 0
  0.00038400   0.00216347 0
  0.00038345   0.00216011 0
  0.00038368   0.00216150 0
  0.00038376   0.00216200 0
  0.00038383   0.00216245 0
  0.00038337   0.00215962 0
  0.00038338   0.00215965 0
  0.00038345   0.00216011 0
  0.00038368   0.00216151 0
  0.00038315   0.00215822 0
  0.00038322   0.00215867 0
  0.00038315   0.00215823 0
  0.00038345   0.00216010 0
  0.00038345   0.00216009 0
  0.00038368   0.00216152 0
  0.00038322   0.00215868 0
  0.00038315   0.00215822 0
  0.00038308   0.00215777 0
  0.00038345   0.00216008 0
  0.00038338   0.00215964 0
  0.00038361   0.00216106 0
  0.00038346   0.00216012 0
  0.00038368   0.00216152 0
  0.00038376   0.00216200 0
  0.00038346   0.00216012 0
  0.00038324   0.00215876 0
  0.00038353   0.00216059 0
  0.00038331   0.00215920 0
  0.00038384   0.00216249 0
  0.00038345   0.00216011 0
  0.00038331   0.00215920 0
  0.00038353   0.00216057 0
  0.00038353   0.00216060 0
  0.00038361   0.00216108 0
  0.00038392   0.00216301 0
  0.00038298   0.00215718 0
  0.00038269   0.00215539 0
  0.00038290   0.00215670 0
  0.00038270   0.00215541 0
  0.00038328   0.00215904 0
  0.00038291   0.00215676 0
  0.00038298   0.00215719 0
  0.00038313   0.00215813 0
  0.00038314   0.00215814 0
  0.00038299   0.00215724 0
  0.00038321   0.00215859 0
  0.00038306   0.00215769 0
  0.00038314   0.00215816 0
  0.00038351   0.00216047 0
  0.00038284   0.00215632 0
  0.00038298   0.00215720 0
  0.00038291   0.00215674 0
  0.00038314   0.00215819 0
  0.00038359   0.00216097 0
  0.00038338   0.00215967 0
  0.00038345   0.00216011 0
  0.00038361   0.00216105 0
  0.00038346   0.00216013 0
  0.00038361   0.00216106 0
  0.00038384   0.00216250 0
  0.00038346   0.00216013 0
  0.00038361   0.00216106 0
  0.00038392   0.00216299 0
  0.00038308   0.00215776 0
  0.00038322   0.00215866 0
  0.00038307   0.00215775 0
  0.00038330   0.00215916 0
  0.00038323   0.00215871 0
  0.00038353   0.00216057 0
  0.00038337   0.00215961 0
  0.00038337   0.00215962 0
  0.00038353   0.00216059 0
  0.00038368   0.00216151 0
  0.00038368   0.00216154 0
  0.00038365   0.00216136 0
  0.00038344   0.00216004 0
  0.00038384   0.00216252 0
  0.00038376   0.00216200 0
  0.00038361   0.00216107 0
  0.00038338   0.00215965 0
  0.00038338   0.00215964 0
  0.00038361   0.00216107 0
  0.00038324   0.00215876 0
  0.00038346   0.00216016 0
  0.00038283   0.00215626 0
  0.00038291   0.00215676 0
  0.00038299   0.00215726 0
  0.00038284   0.00215631 0
  0.00038338   0.00215967 0
  0.00038338   0.00215968 0
  0.00038300   0.00215732 0
  0.00038330   0.00215917 0
  0.00038276   0.00215583 0
